
Boundary_Conditions wire

Boundary_Sphere_Radius 10 ang

begin Cell_shape
      4.2608449866194382       0.0000000000000000       0.0000000000000000
end cell_shape

lattice_vector_scale 1 ang

Grid_Spacing:  0.55

States_Num:  600

eigensolver chebdav

coordinate_unit Cartesian_Ang

Correlation_Type ca

Ignore_Symmetry true

Max_Iter 100

Atom_Types_Num:  1

#------------ new atom type ----------------
Atom_Type: C
Local_Component: s

begin Atom_Coord
      2.8405633244129587       0.0000000000000000       6.6558597201030629
      0.0000000000000000       0.0000000000000000       6.6558597201030629
      0.7101408311032397      -1.2230110142236705       6.5425310601309343
      2.1304224933097191      -1.2230110142236705       6.5425310601309343
      2.8405633244129587      -2.4043738551979881       6.2064043518071550
      0.0000000000000000      -2.4043738551979881       6.2064043518071550
      0.7101408311032397      -3.5038586282621274       5.6589259870441371
      2.1304224933097191      -3.5038586282621274       5.6589259870441371
      2.8405633244129587      -4.4840236981560269       4.9187396849259635
      0.0000000000000000      -4.4840236981560269       4.9187396849259635
      0.7101408311032397      -5.3114907190028768       4.0110516022156482
      2.1304224933097191      -5.3114907190028768       4.0110516022156482
      2.8405633244129587      -5.9580812938450416       2.9667719679180293
      0.0000000000000000      -5.9580812938450416       2.9667719679180293
      0.7101408311032397      -6.4017765561561877       1.8214624725037407
      2.1304224933097191      -6.4017765561561877       1.8214624725037407
      2.8405633244129587      -6.6274669959321226       0.6141252571917820
      0.0000000000000000      -6.6274669959321226       0.6141252571917820
      0.7101408311032397      -6.6274669959321226      -0.6141252571917820
      2.1304224933097191      -6.6274669959321226      -0.6141252571917820
      2.8405633244129587      -6.4017765561561877      -1.8214624725037407
      0.0000000000000000      -6.4017765561561877      -1.8214624725037407
      0.7101408311032397      -5.9580812938450416      -2.9667719679180293
      2.1304224933097191      -5.9580812938450416      -2.9667719679180293
      2.8405633244129587      -5.3114907190028768      -4.0110516022156482
      0.0000000000000000      -5.3114907190028768      -4.0110516022156482
      0.7101408311032397      -4.4840236981560269      -4.9187396849259635
      2.1304224933097191      -4.4840236981560269      -4.9187396849259635
      2.8405633244129587      -3.5038586282621274      -5.6589259870441371
      0.0000000000000000      -3.5038586282621274      -5.6589259870441371
      0.7101408311032397      -2.4043738551979881      -6.2064043518071550
      2.1304224933097191      -2.4043738551979881      -6.2064043518071550
      2.8405633244129587      -1.2230110142236705      -6.5425310601309343
      0.0000000000000000      -1.2230110142236705      -6.5425310601309343
      0.7101408311032397       0.0000000000000000      -6.6558597201030629
      2.1304224933097191       0.0000000000000000      -6.6558597201030629
      2.8405633244129587       1.2230110142236705      -6.5425310601309343
      0.0000000000000000       1.2230110142236705      -6.5425310601309343
      0.7101408311032397       2.4043738551979881      -6.2064043518071550
      2.1304224933097191       2.4043738551979881      -6.2064043518071550
      2.8405633244129587       3.5038586282621274      -5.6589259870441371
      0.0000000000000000       3.5038586282621274      -5.6589259870441371
      0.7101408311032397       4.4840236981560269      -4.9187396849259635
      2.1304224933097191       4.4840236981560269      -4.9187396849259635
      2.8405633244129587       5.3114907190028768      -4.0110516022156482
      0.0000000000000000       5.3114907190028768      -4.0110516022156482
      0.7101408311032397       5.9580812938450416      -2.9667719679180293
      2.1304224933097191       5.9580812938450416      -2.9667719679180293
      2.8405633244129587       6.4017765561561877      -1.8214624725037407
      0.0000000000000000       6.4017765561561877      -1.8214624725037407
      0.7101408311032397       6.6274669959321226      -0.6141252571917820
      2.1304224933097191       6.6274669959321226      -0.6141252571917820
      2.8405633244129587       6.6274669959321226       0.6141252571917820
      0.0000000000000000       6.6274669959321226       0.6141252571917820
      0.7101408311032397       6.4017765561561877       1.8214624725037407
      2.1304224933097191       6.4017765561561877       1.8214624725037407
      2.8405633244129587       5.9580812938450416       2.9667719679180293
      0.0000000000000000       5.9580812938450416       2.9667719679180293
      0.7101408311032397       5.3114907190028768       4.0110516022156482
      2.1304224933097191       5.3114907190028768       4.0110516022156482
      2.8405633244129587       4.4840236981560269       4.9187396849259635
      0.0000000000000000       4.4840236981560269       4.9187396849259635
      0.7101408311032397       3.5038586282621274       5.6589259870441371
      2.1304224933097191       3.5038586282621274       5.6589259870441371
      2.8405633244129587       2.4043738551979881       6.2064043518071550
      0.0000000000000000       2.4043738551979881       6.2064043518071550
      0.7101408311032397       1.2230110142236705       6.5425310601309343
      2.1304224933097191       1.2230110142236705       6.5425310601309343
      2.8405633244129587       0.0000000000000000       3.1321692800485001
      0.0000000000000000       0.0000000000000000       3.1321692800485001
      0.7101408311032397      -1.1986292908374521       2.8937470901974218
      2.1304224933097191      -1.1986292908374521       2.8937470901974218
      2.8405633244129587      -2.2147781377464808       2.2147781377464808
      0.0000000000000000      -2.2147781377464808       2.2147781377464808
      0.7101408311032397      -2.8937470901974218       1.1986292908374521
      2.1304224933097191      -2.8937470901974218       1.1986292908374521
      2.8405633244129587      -3.1321692800485001       0.0000000000000000
      0.0000000000000000      -3.1321692800485001       0.0000000000000000
      0.7101408311032397      -2.8937470901974218      -1.1986292908374521
      2.1304224933097191      -2.8937470901974218      -1.1986292908374521
      2.8405633244129587      -2.2147781377464808      -2.2147781377464808
      0.0000000000000000      -2.2147781377464808      -2.2147781377464808
      0.7101408311032397      -1.1986292908374521      -2.8937470901974218
      2.1304224933097191      -1.1986292908374521      -2.8937470901974218
      2.8405633244129587       0.0000000000000000      -3.1321692800485001
      0.0000000000000000       0.0000000000000000      -3.1321692800485001
      0.7101408311032397       1.1986292908374521      -2.8937470901974218
      2.1304224933097191       1.1986292908374521      -2.8937470901974218
      2.8405633244129587       2.2147781377464808      -2.2147781377464808
      0.0000000000000000       2.2147781377464808      -2.2147781377464808
      0.7101408311032397       2.8937470901974218      -1.1986292908374521
      2.1304224933097191       2.8937470901974218      -1.1986292908374521
      2.8405633244129587       3.1321692800485001       0.0000000000000000
      0.0000000000000000       3.1321692800485001       0.0000000000000000
      0.7101408311032397       2.8937470901974218       1.1986292908374521
      2.1304224933097191       2.8937470901974218       1.1986292908374521
      2.8405633244129587       2.2147781377464808       2.2147781377464808
      0.0000000000000000       2.2147781377464808       2.2147781377464808
      0.7101408311032397       1.1986292908374521       2.8937470901974218
      2.1304224933097191       1.1986292908374521       2.8937470901974218
end Atom_Coord